(00)4520669358005(37)3046598
(00)479720736793(01)77606824742231(02)90955394209053(01)54907781068677
(10)33558482(02)42115805497(02)68127102040792(00)861633415(10)95194152449
(00)616682432(00)41941801032174
(02)9626928456874(10)486799825514(02)47878770854074
(37)98851492(02)584483291(37)00773466287(10)0762203
(10)2627742101(10)81361819(01)12667676(37)5236175(02)37114885731
(01)54233443203(01)657794934564(37)16355802659292(10)480177457962
(00)4019774(00)50532366752(10)630157200(00)204454128656(01)9508034
(37)501913661593(10)22488276426121(02)1540638(00)00479237476670
(01)66322617106(00)46905740457049
(01)7213992015(00)18343758786(01)63544204421285
(10)72304274(00)641917916(00)258873860(00)70592206
(02)732244894(00)07583254499(10)3196496855198(00)3105058
(37)601630192351(00)770599458967(02)1952566056(37)5541570053
(01)3556975(02)644475262759
(02)79685218260(10)829514741
(00)3273305421(10)4381101438446(01)8899715(00)5828538594578(01)77807830
(02)6588768(10)1336101472
(10)693874044447(10)110942981(00)35454336
(00)964887304666(37)3336126831(37)9353228
(37)4317607(02)435782430
(01)84821395346(10)0457811685
(10)9195275(10)6763563849291(02)9355896295128(00)86686386
(00)645038365072(02)08950645
(02)242929419820(37)9651185(37)51962338217(37)80113776(02)121264853
(37)7822150971147(01)0912472223(01)76539117607186
(01)30973788(00)933057848(37)3329671726
(01)13121270492(00)081189008182(01)60984019868(01)522044905387(37)666209265
(00)1554803128(10)9878466841494(01)28914624703
(10)747756706(01)4538133804
(01)99737165225576(10)5115253608831(37)455469620630(00)45733305413(37)85904195614
(02)48951816694112(10)80994244813
(10)763169101116(37)34308416986(01)01135920(00)89514895547315(01)9034882784745
(00)7231766311(02)19401591333(00)366030542(01)6309139319
(00)72124225886579(10)2923279746411
(02)82695801978053(10)25850777(00)09246796918249(37)1925328263(02)6608359777
(02)72642336(10)9090417069150(02)4345965023
(02)21138214650(02)0412439834(10)35515470213321(10)87922575
(01)4099594584051(02)62582399535086(02)21217870
(01)5383579987686(37)5484685254
(02)406056676(10)700092722(37)499827644(01)88999123777(02)6678271179
(02)6949732802080(10)8579424130238
(10)4874456697061(10)324621756082(01)797712087242(37)0664170451640(01)635707014
(01)872878841(02)37921288486(00)4937183612905(10)5205610353207(00)733396631
(02)684713048955(02)71544551753509(37)44160612978(01)684440365
(37)535148051765(02)579793614367
(02)1420583461538(02)8198809(01)087076056035(01)877617301582(37)80358367
(10)93824187007(00)2616323
(10)62907263(00)250249958380
(01)58251168(02)131600322
(01)829376795(37)3531061453596(00)56612149138178(10)3560814736558
(02)449941659(02)7933980117
(37)3120017705(10)59502322892(00)6565398(00)84905141(01)64624571
(00)640037949224(10)55865865
(37)15576271(01)1017328(01)52221519
(10)326116100112(10)2342660720827(00)8605998(01)519179166(10)7144143
(01)797085436563(02)77270659301470(37)06649757034
(02)23851580(02)3432935612995(10)0299000915(10)230946459(02)36540819566
(10)6513766(00)592053918295
(02)61840104019459(01)8624242
(37)52462290341622(00)67772391111(10)2653934
(01)58390829292(10)3504325
(10)81958116176882(37)5939592(37)41175530479(02)7103837633218(01)9152521
(02)55333264948984(00)719869899
(01)22252010(00)11165354673
(10)6961619(10)6606281
(00)48641594(01)2822622303(00)81642591251198
(00)2088660820284(02)47021858956(37)021492141134(37)3637446504
(37)49215499486(02)37910137(01)9740661127
(02)16518967104(01)842921798554(00)75910754000(00)9320348
(01)38653219026(01)14167602584(37)79359956045723(02)3903794008(02)4360534745
(02)3318912058608(10)72819637255305(00)9140357361
(10)97660728171(02)5056024199744(00)6907454
(01)238140092(01)69154130
(01)4692619(10)2054254803956(00)03584948088013(00)676254017492(10)15174787748885
(02)7729764480(00)64282764064315(02)4738004568
(01)7044450033(01)914065887807(00)42037629
(10)76224417497(00)8098151052159(37)9178549(00)7915297404476
(37)25962705381(01)963737411288(01)8677275799998(37)4906482557052(37)0845653953699
(02)01721778462(01)5891590363(02)48640223
(02)32875439(00)11285782(10)27888149
(37)35581654(10)65842444(37)196171395(01)93715989
(00)3289052297220(01)9702535644
(01)6495227075187(02)2883846888592(37)7193267986515(01)2399148589
(01)900190867(37)9430800(10)2904367419(37)9157159(01)0055054410655
(37)507588953(00)05292792682279(00)91462487522468
(10)5456166377(10)722636014(37)231578647(01)6508438532(02)56810714781368
(02)5877508(37)9531494902
(00)4717852(37)53076597(10)417001152309
(02)43534129(00)8253873765
(01)942557226(00)9198976531(02)2983637986(10)1687427951055
(00)90282734935(01)8118759873(10)28288111(01)8075987362(10)2713532010431
(02)2618511311047(00)77472363
(00)153329242(37)00654939481
(10)2643023738178(00)099564074246(10)75032489603
(02)17733614612694(10)548586360
(02)5554393530(02)7786675231954
(37)2420409851715(01)98331299(37)74555601088965
(37)072829109591(37)0171400496809(10)3979058214
