(00)4520669358005(37)3046598
(00)479720736793(01)77606824742231(02)90955394209053(01)54907781068677
(10)33558482(02)42115805497(02)68127102040792(00)861633415(10)95194152449
(00)616682432(00)41941801032174
(02)9626928456874(10)486799825514(02)47878770854074
(37)98851492(02)584483291(37)00773466287(10)0762203
(10)2627742101(10)81361819(01)12667676(37)5236175(02)37114885731
(01)54233443203(01)657794934564(37)16355802659292(10)480177457962
(00)4019774(00)50532366752(10)630157200(00)204454128656(01)9508034
(37)501913661593(10)22488276426121(02)1540638(00)00479237476670
