(00)4520669358005(37)3046598
(00)479720736793(01)77606824742231(02)90955394209053(01)54907781068677
(10)33558482(02)42115805497(02)68127102040792(00)861633415(10)95194152449
(00)616682432(00)41941801032174
(02)9626928456874(10)486799825514(02)47878770854074
(37)98851492(02)584483291(37)00773466287(10)0762203
(10)2627742101(10)81361819(01)12667676(37)5236175(02)37114885731
(01)54233443203(01)657794934564(37)16355802659292(10)480177457962
(00)4019774(00)50532366752(10)630157200(00)204454128656(01)9508034
(37)501913661593(10)22488276426121(02)1540638(00)00479237476670
(01)66322617106(00)46905740457049
(01)7213992015(00)18343758786(01)63544204421285
(10)72304274(00)641917916(00)258873860(00)70592206
(02)732244894(00)07583254499(10)3196496855198(00)3105058
(37)601630192351(00)770599458967(02)1952566056(37)5541570053
(01)3556975(02)644475262759
(02)79685218260(10)829514741
(00)3273305421(10)4381101438446(01)8899715(00)5828538594578(01)77807830
(02)6588768(10)1336101472
(10)693874044447(10)110942981(00)35454336
(00)964887304666(37)3336126831(37)9353228
(37)4317607(02)435782430
(01)84821395346(10)0457811685
(10)9195275(10)6763563849291(02)9355896295128(00)86686386
(00)645038365072(02)08950645
(02)242929419820(37)9651185(37)51962338217(37)80113776(02)121264853
(37)7822150971147(01)0912472223(01)76539117607186
(01)30973788(00)933057848(37)3329671726
(01)13121270492(00)081189008182(01)60984019868(01)522044905387(37)666209265
(00)1554803128(10)9878466841494(01)28914624703
(10)747756706(01)4538133804
(01)99737165225576(10)5115253608831(37)455469620630(00)45733305413(37)85904195614
(02)48951816694112(10)80994244813
(10)763169101116(37)34308416986(01)01135920(00)89514895547315(01)9034882784745
(00)7231766311(02)19401591333(00)366030542(01)6309139319
(00)72124225886579(10)2923279746411
(02)82695801978053(10)25850777(00)09246796918249(37)1925328263(02)6608359777
(02)72642336(10)9090417069150(02)4345965023
(02)21138214650(02)0412439834(10)35515470213321(10)87922575
(01)4099594584051(02)62582399535086(02)21217870
(01)5383579987686(37)5484685254
(02)406056676(10)700092722(37)499827644(01)88999123777(02)6678271179
(02)6949732802080(10)8579424130238
(10)4874456697061(10)324621756082(01)797712087242(37)0664170451640(01)635707014
(01)872878841(02)37921288486(00)4937183612905(10)5205610353207(00)733396631
(02)684713048955(02)71544551753509(37)44160612978(01)684440365
(37)535148051765(02)579793614367
(02)1420583461538(02)8198809(01)087076056035(01)877617301582(37)80358367
(10)93824187007(00)2616323
(10)62907263(00)250249958380
(01)58251168(02)131600322
(01)829376795(37)3531061453596(00)56612149138178(10)3560814736558
(02)449941659(02)7933980117
(37)3120017705(10)59502322892(00)6565398(00)84905141(01)64624571
(00)640037949224(10)55865865
(37)15576271(01)1017328(01)52221519
(10)326116100112(10)2342660720827(00)8605998(01)519179166(10)7144143
(01)797085436563(02)77270659301470(37)06649757034
(02)23851580(02)3432935612995(10)0299000915(10)230946459(02)36540819566
(10)6513766(00)592053918295
(02)61840104019459(01)8624242
(37)52462290341622(00)67772391111(10)2653934
(01)58390829292(10)3504325
(10)81958116176882(37)5939592(37)41175530479(02)7103837633218(01)9152521
(02)55333264948984(00)719869899
(01)22252010(00)11165354673
(10)6961619(10)6606281
(00)48641594(01)2822622303(00)81642591251198
(00)2088660820284(02)47021858956(37)021492141134(37)3637446504
(37)49215499486(02)37910137(01)9740661127
(02)16518967104(01)842921798554(00)75910754000(00)9320348
(01)38653219026(01)14167602584(37)79359956045723(02)3903794008(02)4360534745
(02)3318912058608(10)72819637255305(00)9140357361
(10)97660728171(02)5056024199744(00)6907454
(01)238140092(01)69154130
(01)4692619(10)2054254803956(00)03584948088013(00)676254017492(10)15174787748885
(02)7729764480(00)64282764064315(02)4738004568
(01)7044450033(01)914065887807(00)42037629
(10)76224417497(00)8098151052159(37)9178549(00)7915297404476
(37)25962705381(01)963737411288(01)8677275799998(37)4906482557052(37)0845653953699
(02)01721778462(01)5891590363(02)48640223
(02)32875439(00)11285782(10)27888149
(37)35581654(10)65842444(37)196171395(01)93715989
(00)3289052297220(01)9702535644
(01)6495227075187(02)2883846888592(37)7193267986515(01)2399148589
(01)900190867(37)9430800(10)2904367419(37)9157159(01)0055054410655
(37)507588953(00)05292792682279(00)91462487522468
(10)5456166377(10)722636014(37)231578647(01)6508438532(02)56810714781368
(02)5877508(37)9531494902
(00)4717852(37)53076597(10)417001152309
(02)43534129(00)8253873765
(01)942557226(00)9198976531(02)2983637986(10)1687427951055
(00)90282734935(01)8118759873(10)28288111(01)8075987362(10)2713532010431
(02)2618511311047(00)77472363
(00)153329242(37)00654939481
(10)2643023738178(00)099564074246(10)75032489603
(02)17733614612694(10)548586360
(02)5554393530(02)7786675231954
(37)2420409851715(01)98331299(37)74555601088965
(37)072829109591(37)0171400496809(10)3979058214
(10)0623818214(02)9244323(37)8521784713
(01)11986497(00)75671851352
(01)76667727(00)26407047
(02)29141720524717(37)542544530036(00)0236837130279(01)06920324(00)9969672
(02)5862353223701(00)440840598315(01)65971564923(37)2678836
(00)94630494164046(01)368656335(10)9388438(00)0832784131332(02)5060724941954
(00)2526890880849(00)850483728002(37)815714592777(00)967071036621(02)75257036007875
(37)05217803420(37)2381753
(37)144487994(02)8025560(00)423497048
(00)13146277339609(37)5321958(01)8824908577(37)51890253(01)75372126981
(10)176509703478(02)551309688885(10)558694204141(37)3294693558(10)91622068498
(01)858642234857(02)450773058885(01)86674207
(37)26386903637(00)99296040248952(10)12687634(10)0715900(01)5690989
(37)0404399(01)76596251825(00)74262164284
(02)6572825(01)1324811994(37)97835095(01)62267664520897(02)1246178726
(37)31463243869683(00)7038904(00)83532894334444(00)62934122868705(01)993157661
(02)011274556985(01)1138088(37)0407381(10)18408398(37)57581622
(00)73534471626305(37)7224192705(02)4688572723
(01)3865785(02)973153900035(01)259611367(10)565441509(00)92791403029
(37)1045859(01)3021549971(37)2127591216
(00)85756867926(37)4769210
(02)5890066190(01)966724091886(37)1974019950(00)291876915650(00)98478520345561
(00)80048333(10)11267634
(00)36445447(10)2530644(10)0288346(02)054683485
(10)562341628(37)210668914(00)50907752274(02)495072072(10)22852029389966
(00)20140931408(10)587404177262(10)08875982495190(00)43330130(01)59699671
(00)03194951543869(00)8246877(02)3105055917674(01)0360805976057
(37)732498889(02)947467104(00)7243965276(37)1463056734
(02)94331858562(02)1612656028(00)43051268683(37)2986259093
(37)6480851447(37)3933008866929
(01)2673617793(01)858855435618(37)98931603918685(37)9985662437193(00)32929925012
(00)2687704563066(10)44004828563(01)956404288
(10)8439641565(10)8028451930(01)65411613(10)1015359211110(37)96949563
(37)034858202(02)362845381
(00)51180541(01)4451026645867(00)7874250908(37)91722987243
(37)738533839(00)78278515584876(10)313860454(37)40474025822643
(37)17829727842(10)0302672(10)97029998417
(10)0559981(00)8950090446150(01)738737921965(01)247684409
(10)5673537(02)4902389136
(00)69694681(02)02939696578(00)87770894
(01)9516952(37)1046770162(02)011485517
(01)95244225010790(37)7862099552(01)99611397697(00)674162988057
(01)62494975696359(10)6062214726
(00)31398074574423(02)4385031931150
(02)5931809715984(01)82624686616(02)6761359837(37)21883392
(01)5414137087265(01)1538834896939(00)97940854820999
(02)923884418442(37)813739529(37)55516740(01)422916109(37)41212235002173
(37)05855880(00)9609214812968
(02)17374559(37)0662587(37)1487652331(37)42890656133336
(37)1759428825747(01)200062815(01)55829814251372(01)4298302518554
(10)970363941458(01)78408774040(00)6124275(10)2876590354(37)49885738
(01)225796150277(10)0183443(37)1034314962272
(01)3481190685529(10)52124116968(10)357673677636
(10)6327404(10)54162932947
(01)1325086284024(10)0590568168160(10)2880736231115(37)8930267317
(10)6267715(02)21840414308049(37)62702882038656(10)01803746441
(00)44269004(10)20786604130565(10)918036821(02)8742165
(37)2302300(02)1537345081696(01)13845124451299
(01)69751312204(00)39243090075(02)28088400(37)6853963(00)66661813
(01)2329899279291(02)652945452190(00)1954088229(00)50198234478224
(02)1222897042836(10)336229979641(37)0313417(01)836509199357
(01)2101149(00)03186667180749(01)6800223430580(02)441809783(00)0728228578
(37)93198182756(10)028352288912
(37)13947571(02)58779234645(02)59551786908708(02)565650374990
(02)09297809320711(01)3033369(02)93356663920226
(01)1181152177191(02)901857781060(02)8712019277277(10)9641691906196
(00)8162903937859(02)084595930034(10)45074220356709(02)327510546
(10)7869922248140(10)592513431(02)682113683(10)5244702(37)6386417668689
(10)01362959161(37)1371160336229
(01)79491082283(02)8534333(02)3399991209935(01)5019664493(00)484757177
(37)95956486027844(00)879123755
(02)1682780392(02)407800838(37)09898012845(37)91677307
(37)6754465867362(02)20882886816314
(02)69204767(37)01524855
(01)311592507(02)19086718135643(00)26708275709(02)15155106053650(10)9065905531003
(37)20150492(10)562878476(00)060276507
(00)61592266502(02)440998089(10)95294963(10)51839804
(02)4979392(37)94914890(00)7508799656(37)8565231385244
(02)6027013024867(10)55082452675344(10)887925218
(00)601470926(10)4365061(01)2609421901540(10)7167540764(10)89087258792584
(01)7115605663730(37)49731577(02)0989496671439(10)3333506181650
(02)1391590963116(00)50619133549
(10)26397750000(10)563280774468(37)00271123
(37)0539527571(10)3399567396999(00)96305334308
(00)1473246(01)6188405(00)60106658228(10)90099434(10)75181067
(02)75779371(01)8530519(37)3154662415040
(10)4056276(02)2682536(00)36796086174624
(37)394928315(10)381543914735(10)054122807
(01)722399358(10)6560694721(02)4401730(10)42189003
(02)58700887(01)26353937620(10)603880730(01)85981758291(00)90064363876
(10)822292335678(01)39049387746(00)60752082021(00)885200065707(01)8647928301600
(37)87111770437(02)024606564150(10)3524668982940
(00)82899245845(37)076493248(02)76666921(00)58897427728
(02)6368918254001(37)90402617718314
(37)982878529(37)1670886587(37)22429408887(37)31562438964540(37)33751774765
(37)949903072(01)1618919(02)65824822968800(02)51049604326(10)56408940819226
(10)9652498885337(01)293230870361(01)59394197851(10)43101277(01)022734517
(00)15989624(02)68781457
(37)74670511058271(37)8200034445(01)98286930
(02)2419322059(02)5983617906184(02)528189550834(02)1656872(37)342851013
(10)97710915(10)13907752414(10)7026977(37)329360071
(37)394810042639(00)2802658202856(10)863185923(10)5769985787(01)76149607858836
(00)29858954664490(02)864957133(37)484089536(02)79539955(01)60337505276
(10)871199096423(00)573765980
(00)1580284(02)9710795904740
(01)73028003740(02)5025979974260(37)92366033145179(01)16713967(37)42969352100
(01)3740459717(10)5305980534421(00)12928877398912
(10)9841095988801(37)4347490
(37)71934691123762(01)33537597260426(02)3925640954579(02)5213516(00)2113421945
(00)24699174866(01)93418730084(01)47549314099148
(37)959513382680(02)095075955296(37)50932284602071(10)329654737412(00)1664810061693
(10)114960373618(37)4171939305099(37)5927677(37)53954422870526
(01)82125228(00)35195854376761(02)50487373682540(02)106360527(01)02458052534
(02)27837571(00)594782333404(10)93806149577033
(10)120041357114(01)145168014(00)743118524(37)737890661074
(37)10682615903(37)9874769354732(01)8832740023775(37)0007030882009(02)145719355540
(10)313575804(37)4879574(10)6824476(00)47815615374184
(01)11405404965898(01)117840874
(01)422107267(00)323221504(00)801320067879(02)0900578650(01)0262482
(01)2941465170(37)63362111972105(37)9813538(00)46854211122(02)7353761332
(00)33637121052899(02)63758182665(37)9102091823(02)3746479
(00)3326401501(37)15581329231(10)634909066
(37)1725268791(01)538873710771(37)61322591(37)77076256
(00)276991732592(37)3051102635
(01)7256047(37)07836519250(01)4577067840(02)409894052024
(00)29702333933055(10)46811615244(02)4867003939002
(10)7411062595(00)35880593(02)54041552(10)0720271902699(00)6152219
(02)761587186694(01)707864169058(00)6215018841526(01)2989376(00)85817069061
(02)2006050(02)367162068(37)8771312(10)784428831484(37)47968726237562
(37)4527609241746(10)0351139526(00)614986629961
(00)3817882886978(02)823461908558(37)518192065
(02)44301016(37)694832069127(37)8552344123(37)1251962652858(10)98442484
(00)5933051622(02)336892918605
(00)88677341428255(10)1403787025416
(10)5027211(01)685066768(37)567623106647(00)95896640141
(02)40115631128600(37)84191431863(01)4653895235(37)39860085
(10)21604803243(02)129359415
(00)743998134(00)427382320(01)16308922666368
(37)130554723(00)507171813541(37)84826333560722
(02)55106880(10)4109133(37)29000229110(10)5241933446
(00)50756982(01)97324538504
(00)218800260(02)19344604070(10)3583011(02)42346403(37)57036700
(10)844137137760(00)25162047187(02)2789603(10)73109508818(00)9650807002321
(37)3233337(10)538390979(10)877087087017(00)412817470895(37)335866616
(10)9974964(10)52394454150213
(37)84064772918(37)56988401(10)181291837
(10)6184429(37)92205502889791
(02)26677090(02)483288625333
(01)3127120176206(02)797849302
(01)92190367420618(10)52919114(10)07428919986
(01)108757574505(10)70640410338(01)8598091827216(37)2492935168867(00)4853774482911
(10)35607076(00)6914200019(01)437037945
(00)52702445(02)64496125611586(01)609462454366(00)9314944(02)53243469
(00)6027311856224(02)557013468(01)89547492585563(01)8375354732528(37)00723864253
(02)1437936952769(01)51121917
(10)7466597(37)7704174(02)42331205561318
(37)9536717621997(37)8908914319(37)876652782639
(37)46849644995682(00)38748868205(10)74970591446(37)09220246(10)905418368
(01)881475302286(01)6169797546(37)77051505170(02)07139701(01)99048828995071
(37)23415814216238(37)54054371106(37)0653816375117
(02)9086596653(10)903339262(10)9270656862716(02)85821602201(00)5498308960
(00)9688830800(00)50014544228(00)7206960(37)7797311
(00)8675050(00)4804407(37)188161688527
(01)630581912361(00)998508459173(37)1057246463247(01)63853951
(01)472223130(10)66506216705812(00)7777800(10)4947400114114(37)606755027
(37)73726937527816(02)04048613189(10)703437621683(37)5497076(02)41537148
(10)5502761397766(10)03983513554098
(02)510054511(00)6604605(10)55420136847017(01)67954297(00)1837438114
(37)5586016367828(10)8378944
(10)8879031789(37)994432519419(01)3466909178(00)1483600300664(02)219670362
(01)759103444138(01)172064553(00)18611093758(00)36600789285042
(00)4693656079(01)25093517440823
(10)1344148(37)60359690179395(10)3830575879712
(10)90497187(01)4505607
(00)2792173252(10)8484133313(02)64008566455752(02)198987003196(02)6418792
(10)678625363(01)649857163(00)99175352776614
(37)886761233(37)9048396(37)34633205679100(00)680789775039(00)278686224
(00)9071770779(01)93081031847770(37)00116295614874
(02)32827929(02)686965052057(10)575570480(00)90325863516(10)1583790
(10)7937501(00)7314321
(10)15853937129(00)99894730180263(00)0614132255(37)3092430619(10)326628905525
(00)3193790506935(02)340901813(00)2951187
(10)79450256(37)67623802399(37)7374018002203(37)76344915
(01)830843724(00)40824544
(10)9806910810914(02)23890681276919(01)959033327111(10)1132971788271(02)42720256
(01)99547066(01)42511902(00)661594548(37)22193978
(00)2816713(02)7866638(01)6453374119(00)36093989926
(02)541813803867(02)959249054941
(10)1091570(10)03977865
(00)373266407(02)090749215
(02)66048790(01)3318123767735(01)517594993393(02)963993771(00)75695437109454
(02)9509333(01)446895726(37)2910171(10)523469340(00)98231800160525
(10)4710070(10)9281796583757
(37)2283257291173(37)3894118118(02)928597072
(00)74677929(00)090513815(00)9100244(02)72977945
(00)9293155427(10)3318359(01)304815436(00)6840386000361
(37)09214720484(01)13962381(00)165333714
(00)33384848606425(37)70230527(10)79128050(10)9122478(10)369597498865
(00)96188818580(02)80112279499(10)8402216(37)4680049(10)18809876076
(10)939835820244(10)0798459901425(37)1479408039015(10)93406557(37)811311637966
(02)49004677737(02)04504792(01)9665818311186(01)06664450(10)760827779
(02)5916574745(10)55763608794(37)237112583682(37)012468787
(10)81999041114176(01)4607477517004(01)593677903119
(02)01896457(02)2999937135(02)15231857560411
(00)494978822671(02)0070441143(00)59793752660(02)425483634(02)98989794450338
(01)1601354624228(01)5115617(02)75965776672(01)28429823227232(37)31265793
(00)4731339448(01)35682224(00)4332897934744(10)60055536129
(00)5444128(00)36936146132(02)0280794916(00)982725862(37)7080422
(00)9872059(10)06489999650126(00)7861583101960(02)015462858552(02)264197444
(37)113535620(00)10718157192
(10)4126814296281(01)268649680(00)29415098337(00)1834398(01)96201663936426
(37)941233464716(01)91585605124(02)409150483032(10)3291111(01)5030723
(01)3564245241(37)4336221548(10)266964624(02)082508275(10)4259373977577
(02)1800139944408(10)500068087255(01)037836223(37)9051432000
(01)3365296327925(00)84122557(00)49435730100547(00)2632093585(00)268603222250
(00)0481853313952(01)8255910423
(02)50886629755775(01)3326456(00)7446991631212
(10)37586353248(10)966922784139
(02)96159456380549(10)90023192662143(00)5780911(37)007428085182(01)5535688733708
(10)74475279(00)41566362989(00)3996020
(37)11177094332(01)1317323(37)1698891399596(10)6612159617513(37)24106641096891
(02)329364616516(37)3186558318(37)62192231057
(01)558219922465(01)91889087328(37)4285908679166(37)570337257
(00)15342292527622(10)3546644620(02)329985068
(37)8129329535(10)71516495540875
(00)6974009687(10)298301020190(37)747050505516
(10)5073774421(00)14206134591585(00)21439512223288(37)67064127
(37)85756484(01)774277130(37)39003317542(00)99632054
(10)808655325829(10)8824361(02)01831878374(37)46345344234(02)2290255894375
(10)2474621243458(02)9327376276
(02)55178056534758(01)903495132569(10)6653300494956
(00)42091420524554(01)89314779547524
(01)7539769272(37)90494867
(02)337281981(37)49258946721275(00)54218086328(02)04791208941
(37)20106450(37)606022408(00)1033497015(01)4085887432341
(10)3233951279180(01)94992055904(02)457017885914(00)285518643742(01)273677078
(10)10726852(10)4414066337441(00)7522162744969(02)0886608808169(02)9346178
(02)6618323542231(01)084594933
(37)9555714397522(02)56196979(02)47139713944270
(00)71694396(37)0935865(10)40350113656
(01)445184275(00)1944517126506(01)62931029(00)23221545(10)5958247098
(10)38341888298(02)03616858(02)81086607767173(02)10030416(10)2994910075
(00)6488389974(37)55116475375(37)33669073593(10)58938171
(00)05759043704719(01)5977725277595(10)87726074567561(01)679720369233
(37)1294995246(37)9862734108319(00)7137405922384(00)0151962825
(01)9964288(01)836192466
(10)277023541865(00)499258634(02)01107669
(02)7862565783(02)0605327(00)534056453
(02)30583858(10)6896145290697
(37)85718424303493(02)79212626323(10)6559954(00)99758084600(00)3015278117
(00)9203738548477(37)048905700508(37)81915452642(02)5995099(00)89268308628173
(10)86411434(00)75499777
(01)1038169858223(00)951528443933
(01)5224364451(02)8918035220194
(00)29832228845683(00)533204551(10)7253711580527(02)56659491(02)7562752176857
(02)97673028767(37)8915115048(02)15041663(02)203265826
(10)62341603(10)8558595(10)45416168(10)320440214
(00)6863053805439(00)89365244368213
(00)35126095376828(37)705975796771(02)4512356637179(37)3354388857(10)75926341299170
(00)278226433(02)818232789(00)94074867
(01)6342191(02)6811190933
(02)8947022729(01)72616916453
(10)27014094127(00)8301251208217(10)4900393822309(37)09249345549
(01)410352806(01)18808574575925
(01)451010325(10)95236524(37)734300432(02)8315945409
(37)443329976(10)2753748(00)1270161(01)855289261(00)7915121
(00)00767176100792(00)22623793300334
(01)94747843(01)67442830(02)1644222(10)40457586714645(10)70576355463
(37)0315964(10)2884323738(01)438807279686(00)21360300(37)0836193
(00)997430467(02)0438045338(02)08970602608(37)2573434712962(01)627446331881
(10)72648007450(01)54434794769112(37)62632511927
(00)1398629528549(10)4999567726564(00)4814646075(00)20210754
(10)9790407631859(01)30299682258(02)74011308
(01)1320779182(02)921348771060(00)990407092399
(10)15436784235(02)950616326(01)49062135303
(01)74734782217674(00)8669718732(00)021046915(02)38719651296
(02)8976822210975(37)4469072403608(01)4828299302524(10)75019707662
(02)61961306(00)8706535199709(10)68374321(00)631685196
(01)7949304(10)57808567
(01)34689555315(00)309280883077(00)176743142095
(02)424464440309(01)25743429(37)85977554
(01)260694405215(02)57103604(10)5619781171629
(01)66343742609(02)957037889378
(37)545231762(37)49500861651(02)283315417(01)568496832754
(01)5632178146823(37)0715012
(02)9014969(10)12016082(10)94267671
(10)8336074300362(10)185526082887(00)976720890(37)4780206190
(01)2151184(02)45941039864428(37)7349054121(37)9779030
(02)753989600(00)0380968950(00)3359165(00)488356464044(02)13994994
(00)94090021153548(00)59897115349826(10)79215940(37)0491084624116(00)7009850
(37)0385454(37)4604807(02)24390180324(02)1159565511(10)138926430548
(10)78313422595(10)39691855878135
(37)8714239729322(37)0900901686237
(01)1514946(37)909193453927(37)9238558878(10)082746560(10)1925860631198
(02)788532740207(00)15631314176(37)85344747
(10)0528865462(02)7022077111
(10)11384128366(37)7884007589(00)05913337341
(02)788534915289(37)64940817252596(02)55311483052(37)34967384669(01)37676050912
(37)43087375(01)5962361
(01)66046570(02)477451246
(10)39370988(10)352619731492(37)654627372
(02)3203211365(37)30648734(01)044755717
(01)4735702(02)21448881499872
(02)48420031(02)80702544944(02)10975756689463
(02)248282287683(01)86512238(02)5361665665805(02)239080122780(01)5607761076
(37)4630371(10)12614745
(00)7686116(00)0555163(01)7823436(37)88263997(02)4478605
(37)9406513161(00)992238973(00)399132700413(01)982535063(00)60230813
(02)77689065504674(00)76432433007(10)31120878769195
(00)35866511(02)5084022755994
(01)7164020602068(37)916657389
(00)14588705720(37)6854207576(10)367375454957(00)69954773569364
(10)656003144448(00)9659637(01)6737765(02)708149631
(00)693292671(01)69102203112
(00)9611654(37)108864517(01)418746230271
(00)886273044(00)32584613526(01)2974493229364(00)08713915(10)12233311138
(00)2875656004(02)1681990(02)51349566711857(02)61751969
(37)82940518498(37)342030377(02)23668401254(01)943488007634(02)6616010549778
(02)83626468(02)127307066(37)72367378661723(00)7856355986853(02)91862678311832
(02)741317941237(00)0863554640052
(10)519872956(10)4614823(37)257655784
(01)2634939(37)56657556(02)541763873(10)917737336559
(00)7604825851556(10)58859352781
(00)278480719(37)4173214015(37)366497052
(02)765962478(10)582409860010
(02)8626077(01)83850448257(02)9492046(01)4766570(01)8472835210415
(02)6162835058949(01)515920368
(37)4328890825322(10)7375731140277(10)4182602014131(01)6716140089255
(10)9853130(02)7724565(00)6554130205520(02)99231328557
(01)7394848(00)85336895(00)236546714(01)3428675134164
(02)4508440(10)2091067938843(00)29202043720402(01)5639525292(01)088457991226
(10)4626290079795(37)528078221647(00)5199933
(01)842465663(00)20969470118(10)05981577(37)15286771661547
(37)092861327946(01)816000823391(10)9966253334637(37)9205403
(02)8224994039(10)5875672508756
(37)90497692666(01)378138234279
(02)849222760933(00)75832607(00)8462070358127(02)487081998(01)289079659364
(37)34387120832765(10)475267949252(01)79094399889
(00)3093925(02)5082640(10)8138184785(37)008920457(10)680305924253
(00)11736562863534(10)833678566(37)6719544301290(37)37931451050
(00)318398255341(01)862230048(10)7472019878
(37)9750166933(02)25079658
(10)06200951123694(10)7190722
(37)09852077858(10)2944057(02)734630498241
(37)51280971722459(01)420042650
(02)7842412(02)251882237049(00)977478549
(37)7276482(37)5993457154211(00)2451295
(02)38100151181(02)7492636(10)1053139(37)899809225
(01)92468095030(00)378079954518(10)73580030598(01)097451714820(37)05135142
(00)607620408899(10)4785054836256
(00)9434069420884(01)9472752580770(02)07357383(10)4550242267356
(01)07324618833009(37)5375919795(01)33866880(02)0058221
(37)867071310535(01)8266203791(37)3249340981437(00)93884881
(00)87452028(01)72204079
(37)2977536070(37)659139492(37)62741025036(01)61678915349353(01)415772953751
(37)8716698234(00)10132100171(02)18431684313(10)2283202
(37)9861111282312(02)7138857(37)2302906(37)04189106
(37)61110119454(00)687040514(37)050842788122
(37)04089379902548(37)14016567975928(37)88294520(02)8284558907072
(02)5669444153(01)080631991
(37)60383476(00)55059329348
(10)3972058239(01)8112226895190(01)71857676788(02)95251102
(37)899643107679(00)03542740
(02)87814987440867(10)3406898308(01)006810594(02)82173228949057
(02)72568064216(02)953075610769(00)124880859(02)06082061(01)4987008
(10)016887371(02)26060151(37)7113899742216(02)9705727
(37)57252768647911(01)8756994(01)720407898581
(02)2978265(10)3004381(01)57061342942525(37)493688519
(10)796353639274(02)7902767
(10)0424875(10)16289028656(10)171714662(01)08937596003761(02)01858106868224
(00)23948855(37)776589297865(00)700256694231(10)0657168
(01)9170362239805(02)4752625824(02)94769972(37)7487826
(02)2672215405521(10)660155067786(02)48265933(00)16652332770(37)530223442135
(02)500346369776(37)441659641(00)315853621(02)34897105(02)5316837548
(10)0257585681618(37)3183265(00)7162415032(02)5122241821(02)341124279965
(37)560355279675(10)866752807054
(37)2205348(10)65249688553591(02)651699707179
(00)6084649187694(01)450415004(02)26072388377493(37)712511743
(02)0223658(37)8387419220
(37)458213115(02)1978449068(10)64887375
(01)3806591718(37)61073953760607(02)070060437
(01)520509129751(37)0326682782588(10)627160186135(00)299149106(10)2866692257
(02)6547911(01)9541063(02)450394933830
(10)0240337438(00)43906776(01)9543341(01)44032009(37)8558509
(00)21203703357046(10)9701417877(10)86207273793(37)97572922536369(37)784706289
(00)31149603(10)2916814(01)908890181(02)58781201(02)6433420697280
(02)34812729619(00)0933552
(00)7561333(37)156173295(10)714647981058
(00)43809543370509(10)4490342553377(00)50408417
(02)50059106(00)27843466431(02)2300092750
(00)3981533(01)1427948300577(02)414642398654(00)3243319
(00)9167532529538(37)62592536(00)75169806(37)94143607
(00)72356942(10)0958009346263
(37)611425534(00)9594689439413(01)53902265387
(02)7723533194(01)60936073857968(00)1039027(37)0679217492657
(00)951356180(02)121402298(00)725495348166(01)01732005(00)70168013442
(37)4472885396175(01)692214430
(00)14724999021555(01)231069131218(10)77540561
(01)268226099692(00)3636755
(01)71438084189(02)01481077(02)21960350703059
(02)7839739265(10)31115641(10)78764070(02)3122023672(02)331955296128
(10)691253098692(10)57394015
(00)92482893261546(10)50188958397(10)5433837
(37)12392970(01)00449120074660(01)6622216055(10)54296885504863
(00)614199934270(37)7322826402920(37)681322120492(02)06813466895(00)953221409
(00)5121192497(02)939776330513(37)5471506307929
(10)50453719(02)06588241986331
(37)0467996557120(37)25701732238376
(10)62575123435(02)783205128(37)910810469(02)158121998(01)1568655604276
(00)11829887189(10)525842775(00)962661868
(02)756832032783(00)36002533500
(00)5107657(10)5478039(37)0221433
(10)0306397291324(00)2441176(02)382058728(10)56495990473
(01)37772917399(01)0732752635869(01)35731895571(10)99117963631680
(00)465619453218(01)69729147751925
(00)82695551816(02)75768390439(37)97193115408(00)52867514646(00)5476838303
(02)4350560(01)71324922966644
(01)5707991264319(01)74771739(10)924605885(10)38390071048035(01)53143116
(02)65581597(01)0890904(02)95366543349(37)698798267235
(00)7376303566(02)9729832(37)03669111355(10)1342053614226
(10)0535076268234(02)3584801641312(00)6641066(02)9737067189
(01)58339181135(01)80118473(01)4530245945335(10)3386598693
(01)0694472(02)7930144(02)17439756
(01)24927600(10)0760912819
(37)75189647698714(01)798844138(00)9556227289364(01)259504649245
(02)83827890859(01)04130314(10)89471599(37)9836513(01)439344459
(02)211965264096(37)5899262
(10)307436461(00)3211265473733
(00)1618250396930(37)4946945538(10)456570594849(02)33733932846538(02)322052243138
(01)295454542073(01)93587860315784
(02)2580008780954(01)026886399685(02)5507665(02)93962709(02)38711713539946
(00)9053620150(02)555046110
(10)285332654(10)29497284
(01)9588398091506(10)04534576828527(37)76311908
(00)67803415(37)242712731(00)3702220545417(10)06451045155945
(00)62489698694559(37)6710332416(10)2344261(01)35161894497076
(02)505611055707(01)56452276(37)5761183176481(02)92944239428347(10)02100682892
(00)4163540(10)2040776445(37)72708818(37)3446378
(00)891633174(01)41164396
(10)0681864(02)9803553396189(37)174739536
(37)57991776162(10)46024085857(10)2497144414562(02)897422987(01)003466784
(02)32716773214(10)3138767214
(37)0730292(10)4588261(02)2118542
(01)0768152(10)7820119088(00)93509404015079
(37)437736272(37)84855875931709(02)125974440(01)462252371(02)18754822187793
(02)35355957519(37)8739974133817
(01)8869126904(37)9658860936(02)37978862703(10)294263086033
(37)481176174(37)77250812019073(37)69589676(02)094345256(10)429388100
(37)0731846113435(10)16289561(02)957316413383(37)0932920692807(02)11896204364
(01)2365654(01)126479412008
(02)04210484999597(37)96721010749874(00)64724931(01)7836386(01)06707224629545
(37)61395493872(10)25124080074891(02)7793703508(37)3102902836
(02)906402863(37)72386895(02)87390670331315(37)8447048723
(37)1046485001545(02)5604491706(02)022720133780(10)17446452183
(37)1685704134(10)692570640175(37)8385620696(02)4329796721(37)440589279549
(02)0051435033(37)990314585035
(00)8970305(00)049510874(37)67103647
(37)35871903214337(01)0564516288(37)2794041(02)520943561
(01)90548991275456(10)8833442(01)79050099164656
(37)300306319(10)214507037
(02)3097693(00)040339677(02)5056833595230(10)1989645120521
(10)727312673(37)52523699(02)7241927420(00)09883387
(10)45864380(10)6203248(00)837456831177(01)3703627028
(10)83868157997755(00)86450509593(37)6299762861(10)55486296(37)17900487
(00)612628276(01)584969496(00)460811468106
(37)942028385221(01)27280203(10)0434435799145(10)7821469982
(02)75450493974579(10)73557222315(10)935405167(10)9630796(00)601985393985
(10)622797238(00)113437071
(01)6767074442(02)8767515663916(01)35712326270
(37)76195904856559(00)641896087313(37)66584441
(10)626927160(37)9983855052589(02)5198739(01)24204785185240
(01)2105822901(02)993124743732(00)9175060
(02)821075412312(02)375961101176
(02)8153027416424(37)06560277140(01)66565100692
(00)90621791872(02)9809349792968(37)164186403(37)94445678938507(01)94575097
(37)17549033(37)323814392(37)439119322(37)748209595099
(00)4892076(02)1010077678
(02)5945391432(37)2151231350(00)23812678712990
(00)4357980127392(02)0515364668596(37)01567974806240
(37)6476406632(02)8465420171(10)0810342510473
(10)50425828910603(01)71692873
(37)19333699(01)5348786989342(37)6862806042
(10)4371564267(10)73481798(10)426932917871(10)555054593520(01)56581585113
(00)9398679401(10)8434414621963(02)47843118613(00)695501493(02)753894578
(02)561444737(01)96125481340663(02)4630789768469
(37)93842859814(00)6506604507(01)58833721404682(10)50993691
(02)77746995835(01)5394258240(00)43128597(01)46626896114
(00)09755669810847(00)764366705960(37)9120337239(00)89481415873239
(01)268092798(37)61181489861(01)9513966(02)326207047291
(02)4345482(37)42604506656(10)47863952(01)777747674(37)14550414
(01)173131547092(02)37796745(37)67591004
(01)6379334358139(01)85864561276194
(00)2356357411233(10)5934433(02)3528848(02)53718682
(02)3275007(37)5360123466876(10)9719704177(01)2460578203(10)1157201093670
(37)5463661357079(00)17087061610
(10)609483197(02)44959944470(00)91524660252412(10)9124145143
(01)80116140(00)2344136557795(37)88768417767(10)7904522093(01)55734729399960
(02)6638751405(10)779050399(10)28104743(37)250458750(02)38108225599
(37)8922081039(01)59832130345(01)6120797399127(10)25114600399
(02)29829384500639(01)1865495253051
(00)95540837(37)69158056429403(02)711366249378
(00)4318410018(02)1797528527837
(02)332393650(37)8968422888374(37)3088611350700(00)335227863(10)036796208
(01)07134932(02)8411543840(02)5083829
(10)4336569135(00)20837035348(02)52020925373
(37)8357029(00)0860188(37)7344976754517
(00)05071087554(37)763610801(01)78385278318766(01)3645994427
(02)246786829(01)7224633(10)22158560286
(02)23661928464(37)9059350194
(00)76283102421(01)4837049100(00)0509194240(10)302230697615
(02)33183837497966(37)01234695(37)8186630879
(10)671234352223(37)9455167593519(10)91461587650(37)6342336740
(37)7363924(10)15286982
(37)1838048760(02)9303418231(37)1605638038(37)44491384281(37)180063598
(02)88061127701(01)473210792080(01)2630377581
(10)230743406248(00)57556288428500(00)716158738
(01)9323377061474(10)7333823
(00)86132787305472(10)8047488769
(01)49545028995(10)98106058(01)0139109(02)43191478295
(02)78398574282(00)948797902594(37)70676227656725(10)150988915042(02)6081662713
(37)1384549594985(01)97128101507(00)22391570128044(10)38316913888561(01)71317749
(37)76972839(00)8668536321(00)037112450(00)157226125
(37)5983068667162(10)0955690690261(00)52675712306(00)8702504044955(10)217919792
(01)4478044506971(02)96170014068(01)46857890704212(01)93768741764309
(00)47881552265(37)68492592(00)380449105(37)1332787306313(37)010343254988
(02)380589172359(02)34345521(01)43098654351404(37)346133700
(37)373650801(02)679120691517(37)61833003059686(01)75854905(02)38211971840824
(10)13320406441581(10)440273864692(10)02567865139(02)14507199462256(01)741471656
(02)6315355365(02)68739012241234(00)7234368(00)380479645774
(10)78877379961(10)395124233(37)6843960(01)731631310(01)0312717768049
(02)390655226(02)107409138924(01)57895739(00)434044651
(37)77891356729(37)57343795164(37)7151540(00)5165071749
(00)405529447650(37)3412937930(10)8639959503(01)17589074571329(01)83351557803
(00)3200668961674(02)44274261711473(02)9342372287155
(37)2422762344863(02)1331766373770(00)41343701924
(02)89528639652(01)336682262(02)3947050776799(01)4821815084(37)87562979811269
(10)05888573(02)5891962698091(00)705943424(02)912278108
(10)2208475(01)3190275(02)063290519
(10)127552683(10)16463310935924
(02)62529562(10)82380397(02)1096360
(37)422322625(10)4885927(37)0488203(01)3767086(02)3574536088076
(01)4396209984(00)4215578059(01)45235659
(37)535668329(02)650812445(00)72673339
(02)39011505349(00)78833632(01)2950795301499
(02)5883213750(02)9446965887(02)46879854(02)79071845(10)2046731980
(01)67736204(02)030927618(37)677106805553(02)746338362919
(00)8780568921(02)76699958195091(37)8036745
(01)108132180(01)132546247(37)978730785107(02)71380203368(01)265742969
(10)65170122022(00)6281191(10)3245363541450(00)1024373147
(01)61753938(10)173594743(10)082010077145
(01)17431739(00)1485586513(10)27127632676628(00)502257866(01)643174325
(02)56892780016516(37)45811434759(37)7185580
(00)8674260970(02)7662424041(00)758771263(01)5896796(10)958995763981
(01)57331211323(37)63164162478(02)149620430
(37)318834182(01)36406559(00)80441218(37)71545806076626
(00)6648787637(01)89564831(02)652338269397(37)944416918(01)95354273747049
(10)90625981942168(37)6717629554
(01)3078363499184(00)1232946477(00)173488007(01)4662912
(02)781073728082(37)238887616(37)347861002(02)36570743217(00)319987399784
(01)70808976208181(10)933409484175(02)0350858076225
(10)3097425446226(01)11450237(10)18726804
(02)682531464633(01)92200051448(10)3536693626(00)9169084901447
(00)23979192(37)8005268221
(02)0142752248663(10)62834332(01)491663634(00)96014229
(37)5884940958(10)38408514471024(01)5151224072(01)96950755
(00)79424944504229(01)2992856746565
(02)3878602(10)685053419841(01)43823188787092
(01)5614483(00)5949451346(37)648553925907(02)207024954
(01)87388165(00)3926311562(01)01262930972256(37)794739169210
(37)69058010691(10)8169834519(02)0967064455896(10)71900169153865
(00)4892653740(01)902973778(10)2887208310(02)746461164
(37)8613943652(02)7919513990(02)7034507775
(10)693480421719(00)7869422199690(02)0592093221
(02)555894013995(00)7937453671884(00)9082556(00)46029347765303(37)220337392017
(02)92439655(02)546927683(00)2241660457819(37)47331448557463(01)8081896814
(37)2420993(10)19490918219018(37)8735713905
(10)291810206(10)25603583489912(01)6889550017(10)1039775290252
(10)201143465(37)74974579(37)8994531472311(10)6554125423(37)131270611544
(00)301995829(10)1782141
(37)6139866420596(00)9638987
(37)635052184(02)3856157773(00)99608055
(37)88058896062710(37)30494987
(00)90664191495(01)715786026(37)5241922264887
(01)60324204308(01)410608251551
(02)836593015(00)40689064(37)674453816
(01)7545389(10)1201887(37)5871858
(37)03187313580452(02)662549663(00)0519242(37)782830288972
(10)9660835(01)1358296821615(10)29814411(02)5477379980
(37)08543025114578(02)20604506276065(37)505435537859
(00)688293587274(02)01666905
(37)23757613(01)812881214(01)2480501115
(10)3901463528755(02)9871797(01)2828062309026(01)650345359(02)2682263976427
(01)9032908(37)70473805(01)82020158832390
(37)20100836528(01)471994278467(02)731276025(00)1240839
(00)91523461681(37)899688215(00)95273923836167(37)96763307244192(37)735676232
(37)56611989291567(01)7572403(37)6944129(00)3748815(37)8580602892654
(00)617456804(00)83087051(02)764253939231
(00)75459663802(10)2874443714124(00)08739681105930
(02)9503355205670(01)092165210856(01)238800180893(10)36357949595
(10)8416016083344(10)653201846849
(02)07717567(02)3467044935(01)920985263098(02)66666891
(37)4663294972147(02)744455179(00)795395328(01)4187931254
(02)71913331191238(10)09775752941(37)5953769098(10)7421491966991
(02)1658096029239(10)390088900865(10)2749057(37)780915848951(00)7473501
(00)12166072(02)889934869
(02)3352247(10)8731952107298(02)69900740(37)21204477
(02)3661555659854(37)10054257(01)598476222
(10)78199692(01)52766482
(37)041805676(02)73644356538892(02)68520358200617(00)1612050526075
(00)8354600594(01)861561429214(00)7041788646580(00)32020496142306(37)27633478724
(00)3648144405241(00)27750607633400(01)03905540(01)33398442662(01)79054424
(37)052029212828(37)08484711113436(37)68917071482061
(37)68023806(01)682566438
(00)07745982215(37)68669043(01)2780127627968
(01)77143369177120(02)7851991983301(10)26939649447450(01)0727410(01)2337381626313
(02)16680213545432(00)195231799(01)16919062(00)5739853642767(00)053261793009
(02)5202143291539(01)74464349671
(10)1749963033520(02)7158011
(00)5773531(02)7811041362812
(10)8252235(00)22259871557(10)846003473503
(10)59665152000371(10)598895629(00)04411141676504
(00)95978695161716(00)72324683507397
(10)75120632918513(02)0243068364911
(01)847115674534(00)521697763689(01)0712913860961(01)9726271342
(37)3649260215(10)32543215033(02)8236901663061
(02)529516743(02)1855552
(37)3895470(01)55282492
(10)83743319976517(01)206476499361
(10)17319772188(02)061150781(01)520415540595
(01)10070666342436(00)81152902780649
(00)8107226(02)913004608764(10)133133989(02)3388017562
(02)7750645720(37)087480965341
(02)6556053(02)1742868929(37)97186945254582(02)50531207
(02)94788157559253(02)9522868(01)22483650(01)8485512160(00)563239075
(02)31565159317919(37)3538858441(01)31898758904166
(10)2431176676(01)682170325(00)5654747518341(02)69423994216762
(37)86868661882019(10)78071889951640(10)282640086(00)865816933113
(01)1032601(10)645885871(10)59731387916(01)58394702(02)36245659573
(10)552219578(02)60686129(37)89176638
(00)3446493(10)693663407(02)8322941715978(10)8972805576395(37)736152447
(37)3568408261(00)055069511185(02)696723262202
(37)8795859(00)3361951775313(01)6195971328
(02)6797346387030(01)4431486700226(00)50564576947
(10)22186119560(02)0481614926
(01)438831996(10)6740969(37)2364737(02)336173562162(37)04332598896935
(37)30038420(00)6519109(37)8565151669(01)35635454637309
(00)1372883963(00)9451412(01)103551296
(02)5545595(37)7686571083145(00)7009384879381
(01)5350910(10)06209212747289(37)9556349(02)168836733663
(10)6792540620109(00)5456916982(01)740998484641
(37)8808560695(02)7901711(01)29384542907(10)4040285
(02)5822719402598(02)7252730041979(37)27908504711950(01)07945290357
(37)665432865511(00)596243200280(02)4815662892534
(01)7082893121327(37)8342137326504(02)28936570
(00)0255044206797(02)972296014(37)7185370652(37)08128088311(37)7161141
(01)24311449153513(37)0630603541896(10)8230042846566
(10)7937504344300(37)10939167(00)608392376(00)0302382(01)620504680
(00)2662475510644(37)4751911
(02)0970588343(01)9292539
(00)6065890712045(10)3168616214(02)2565916767(10)1014165222(00)1353965865
(02)3348278(37)425962479245(00)70748719232(00)48074079
(10)424552846170(02)825583379(01)04340305326(00)99563082856(37)3810191983
(37)41093223744(02)28305626422063
(37)52457305(02)6583229
(00)2547858(37)6097800871(10)68163580
(01)20280434785645(10)6838736900(02)43451689038969
(10)002373122(10)7295734(01)04519543(37)471972017404
(02)8043216885(02)387290160064(37)00000451(37)39225397
(01)010168945848(02)53256640144950(00)67549585(01)58611980
(10)45944276403586(10)972224858714(00)6078071529(37)5175414240298
(00)4479771(02)2112069(00)785909110625(01)35110184699
(01)8426334621131(10)65683304724
(02)93405270642(10)410934845647(00)376114534(37)568731216240
(37)06757447849604(02)30920351559627(10)7694763
(37)2506586(01)2376503875
(37)43414411(37)643785955
(02)262183137(02)94996001417248
(37)54162809596430(02)3706153(01)9557382759514(00)1232877262155
(10)870881469(01)01988789
(37)05747057300038(02)4769776644(00)65709092(10)500890838818(10)43846386
(37)508937999510(01)00753664
(01)11798090062358(00)2122985954(02)75676268039(37)9708567337014
(01)1038380589610(10)03322758
(37)334404398647(01)0988646868(10)1697824920477
(10)5071444358421(10)649273175686
(37)08076650(00)6669942688(10)04441873(00)74936720722
(02)928695852(02)1291229590(37)5292973649
(10)367359804(02)370471405(37)6362264839231
(10)42568152(00)3694571104254(01)511850758770(37)54667156027
(00)83165222(00)6053391585(00)77862959(01)185349572
(10)7640646040(10)368657781(37)60864687198
(37)6118087266900(10)570166799(00)99125864(37)78476241508115(01)84001267
(10)71982530253806(10)217398458(02)27215123
(10)71182706311(02)8578530(00)9853570138(37)3699746338086
(37)8044506(02)02230976144
(37)8301885(02)59587936361016(02)50546433181(10)80508501680210(02)4669381400
(37)2333530352(37)95955580
(00)8927105037163(10)421114822
(10)5591542(01)5940581588632(02)7511515867046
(02)078309964(37)01390790312260(10)23407377
(01)2874287097068(02)11095091(00)6907687582431
(10)4757751345(01)21472937530(10)234944062674(02)731362217(00)720642778
(37)59356795480293(37)35562178(10)47664541(02)00240030
(01)570491414329(37)5808209316335(02)4824399(00)8372727825(10)37154504455
(00)63860839327(10)6265004(37)02264903623434
(02)04976188098(00)22557937270721(37)796971063(00)2042966
(10)1456781667(01)7376600(02)44366501858972(37)83510272939(37)1339284174
(02)361693738(02)6145140889
(00)85303718(02)11038995964606(00)6167685129
(02)8253590(01)96669553673745(02)01327321601423(02)07419545538(10)63069821896
(10)2558002131(01)112641349
(01)93461489466937(01)14775208714669(02)1558655251(37)18222767627
(37)331518858832(01)68406572(37)760189031(10)95674418(01)8709236296
(10)33012649083(02)40556488931634(01)27642368
(10)32397749151058(01)5352890943(10)21265049300605(00)0230706005237
(37)5074104(00)133842977(37)361169835581
(00)3811039342(10)44192868646(00)36264877(02)147397479
(37)2059176(10)1227578356145(02)54381970341525(37)9264528
(37)27869537729(10)68803838098(00)91702661587987(10)1003216
(37)641801809510(37)0972423180983(02)0625719235
(02)5072288117305(01)54606873(37)8916865872702(37)117205677(37)2244644677
(37)726416310(10)91428148306(37)1462862338120(01)013718597(10)7312325190
(00)941064410024(01)202925909730
(01)79117335326852(01)605922082438
(02)16132979459226(37)52157267590021(00)36918096849
(37)8250861192808(01)272629839553
(02)3749962(37)4512159(01)308379272272
(00)2396118997(02)1944621(01)00959663469
(02)3204077154(02)3655583(01)3761487(02)4075579770832
(01)602485748557(10)726861630(00)842948407711(02)55283252398224(00)619786821
(37)426149205(02)07101563778(01)8313804152(10)7670594391(02)17965103
(01)6806932(01)099937929713(37)86596051(01)8125541
(00)1783945537603(01)293199120(00)5649138600844(01)3417109621575
(02)8960510352(01)61023351934
(01)742030545834(02)561096210(02)8009831629(37)899502547(02)24177684
(00)2818893608237(01)79376823829598(37)6941415783
(01)2851606(37)69329850591(37)14478903(10)5358391290
(37)311196272(00)4774453265255(10)2348524458844(02)60054229(01)35910215
(00)36223134834616(00)19428471(01)4466463467(01)705133841(01)4284187
(00)95509892497377(10)9385046
(10)6418980485561(01)16902769674(02)95964525464786(02)3871148568
(37)39692125(02)000310898
(37)1540504(37)52646334488219(01)057754496963(00)199228531(01)564609369618
(37)05319039534253(10)133889950(02)0196960511(10)7382031646393(37)82131042
(00)71596950(01)7220781332006(37)3711682056(01)403132812540
(37)373833913(10)7551154406
(10)69650425360065(00)54330341(37)469454450800(10)85409047(01)343967769
(10)883391769(02)93817652162(02)5512142133(01)0038902041(02)898887938
(02)81878007284(10)5647980398008(00)57145511043041
(00)4288256263(10)25129900570(37)8250121439757(10)64684463
(00)0229280108701(37)48098356446526(00)2435548448715
(02)5930864377312(02)91312973327155(02)16823725980(10)529948869831
(10)181751597574(37)72595666(02)12839127(10)552308884578(37)664812411098
(01)81028636(10)9168035(00)34299769
(01)69101896(37)97693728495(10)09106738408(00)9673910
(02)095567957222(10)3201869773(00)17435725708(37)0011649772634(37)116280461
(00)9010045387576(02)8679400027(00)0805283605066(02)33139201578995
(00)05024405(02)95597217364(02)776200955(10)970024372018
(00)077276832(02)13785299010(02)133631333816(02)0451743269
(10)05660749(00)4929991061
(37)6939802375(37)983327302
(02)68129447513(10)65297204476(00)29969379(02)5313457677621
(10)5018885488(00)1644444
(37)15792307512339(00)3042259908
(01)94944529490(37)78071357094194(00)4165565199562(00)81414890(10)63124312
(37)65356492235928(01)4196124348(01)6206151
(01)02603203(37)895540129078(37)7811476184
(01)63046347906270(01)53230795110(00)113138365070(37)3663514906(01)62580572664605
(10)9826355(00)9432312(00)44054500289796
(02)27878249(00)4122262477(00)91138605
(02)77381064422(02)495095429
(10)7437176554954(37)977447904(01)6607986(10)87440637
(37)6877715842(01)998938291(37)67935891
(01)298509003003(02)75873532111842(37)66595666813(01)16642827
(37)0084448862999(00)80709271133681
(10)79646072(10)1075281061376(37)43312027176(37)02703696328(10)5543883
(37)758071166(10)71400775(10)10995735(00)0315030788
(01)8006781509(37)53816478296(10)8890959967(01)03033959(02)08730004668
(37)7925297093472(01)1194879954874
(37)4235070(00)04437077(00)3375379501365(10)66291805264879
(00)7951446995(02)0955895655(02)017034908846(02)0363786(02)882769083278
(01)4907832(37)71972264927984(01)4184549(02)933771183
(10)8559433078(37)47572865365852
(37)2184877(02)6257002(10)5677236(00)540260115504(10)48338595
(02)5917049760(02)81525232616233(02)2933667116(01)0521974
(10)87355913(10)44437649648594
(00)641407374(10)901024254784
(10)36904204712479(37)7098022369469
(37)57267620(37)0198416270798
(37)8500523(37)046606205184
(02)263369170(02)781182867987(02)612879345
(37)17917257(00)0300595825(00)6185890148
(00)4935823692266(37)80549554744968
(10)19771699(00)59496790230(01)71824953493(37)317160310(00)151035436
(00)788223662009(01)78506785533230(01)8566055
(10)62151417161850(02)564804011(02)872757900034
(02)485512895(00)6574558(02)9211775(00)966019980179(01)0435824351353
(01)11251458507368(02)68839350387797(10)4916076395068
(01)3110105(02)213727620085
(01)9729828847(02)47597595(01)220918370106(37)1323359115891
(10)1882733(02)5850025427135(02)9241969504(10)96049110
(02)1361995688923(00)79030457157
(01)8380271897042(10)50830704993
(10)31681200440818(01)6902566871
(00)94435440586(10)135232032370(10)297356267060
(00)825035462875(00)58072836985(10)4680162828
(02)471792619320(01)1676660(00)323028894(01)4051481
(01)2132648228(02)447050187831(10)91876983(00)7270281490410
(00)523658667227(01)66788595
(37)687882241(02)3262998879323(10)47399507434(01)5260881(10)850413813
(10)39479618943(00)284834803184(10)787931310055(02)25618812
(10)2449762(00)49577306662(37)456036036605
(37)6524157591(01)4281460828(01)7668172717069
(10)5354641(37)55014362656(37)56864084968903(02)44658111(37)36253558131662
(01)20208091(10)41594944135
(10)2575418903(10)54572077443986(37)37152579264(02)6377478
(00)3863161(00)3529713942(02)3419805(02)08856359618(00)17833366628680
(01)3427866(10)949455655(00)4480285914
(37)716403644(37)96634118152482(02)06767305752441(37)185351546(01)9900759300
(02)479508500(00)77157667210
(02)5528499(37)00802181(01)187345578935(01)07771113
(01)98337006682(00)78626655786(02)611133043252(10)3323706180
(01)5759295525(01)2696578872756(02)6590443117(00)255864723(10)0742393158
(01)602977426(37)28947557
(37)28861807920180(37)6942039645584(02)47603861150
(01)796537560(37)21383467(02)6230114(01)69944168872
(02)60714851845338(10)027610431810
(01)315228022(10)19380379
(01)84438757(37)0020067209(01)15944287359056
(02)85641096430(00)8605559(10)30013548(00)4518945
(37)19936966080(00)11548804(02)56820087959
(37)832465581(02)92622637564(01)44531985729466(00)97491966
(02)651390521(10)5836140156538(00)03526867
(02)5038920(10)3214681379183
(00)23208153697(37)1648398855336
(02)5512584(00)57328900
(01)7913000201(02)5785693684761(00)050544278(02)18068839225
(10)037458256860(00)959917319
(02)7214230629750(01)629565617893(02)257133362
(10)36416558064012(37)8249932751053(02)279188883
(10)07566318849805(00)40390346836707(02)931058709682(00)67467796174066
(10)8011252118546(02)65903076
(10)7718171744914(00)511981489381(10)707580303
(01)31068136(37)07211832594636
(37)989986620(10)1434646811(02)171059490(00)812972112067
(10)5043973943530(10)22043389356
(02)968841021(37)98396062017(00)1425770(10)60775937500091
(02)4302045727055(10)9026806985769
(37)41528679(02)60495569(10)1330658459846(02)210959902299(00)5064091168
(00)22794663307(01)698713494
(02)37704786420348(01)1362215869387(10)9683514(02)3885962767(37)87276456
(37)940774154921(00)905998909628
(01)429743953562(01)76399866212764(37)8924973307705(01)85027491397
(37)02602068343(10)216569602875(10)29689183239
(37)02094538889(10)392917929811(01)837830729736
(02)6562872(00)3635307340
(10)604098308(37)38881402700250(10)78382389225(10)67132945
(37)9197968(01)15960511
(01)831773979699(10)08506419073202(10)6680843375145(01)305085067067(02)089188917445
(01)3047539271(00)828321919(37)19268336613(10)24179983217465
(00)50423666706497(01)0957024088(00)66337355333077(02)4202009
(01)16671856(37)88453598(10)3358603
(10)22475466257(02)56352305395(37)37480595(37)96839078(02)5042391578237
(10)8300808779(01)881377048957
(02)11937498(01)282256112975(00)58020130(01)3693673
(01)67192975398295(37)5435956056434(10)704200174(37)46830409039651(02)73707680361307
(00)023055640(00)902830106096(10)87312491363(37)026399931
(02)5459099(00)525537379497(02)757089105
(10)8331878144897(10)6210867(10)9997931(01)25144850787015(02)34452108648225
(00)827034231(37)310350015170(01)0857998776(02)93510954
(02)5981374071801(10)1386599553876(02)796574593(02)7631152890
(02)6673864(00)6732818342
(01)0283428792861(00)61009429(10)13061567017(37)949293936
(01)2280008351471(10)55261553(01)24270549214(00)633449065
(00)43138107(00)61008194(02)25302556869(10)3249883(02)27649784857924
(00)48922275014(01)2066504(01)5361653843303(00)3253312(00)0598954
(01)83079863961(01)3622633
(10)07035566(02)44072650(01)93439035(00)4087475304(10)520785811
(10)9386340(00)0933470(01)212337569(00)021917136414
(00)5225693162600(10)129503060529(37)934291064(10)62825123(02)50617840299718
(00)1571291688(10)8604376635(00)2973865108
(37)431052866316(01)487671909(02)04925370815(37)507140599987
(10)23627283(10)6461341233526(37)385862464
(10)44069449702534(01)86220907(10)847954857(37)582488054
(02)080476004(01)65646497589(00)2378581952752
(01)1048183838400(10)51813621398(37)4476667(02)2246757840218(00)616018942719
(00)2175851484(37)64203316998350
(10)1047669435(00)945092757(10)557238219
(37)71869816(10)60447634(00)1601324027
(37)9521103507174(00)9517864621
(00)346762719782(37)8415426692950(02)899697569558(10)02114410(10)09341631384
(01)9040196088648(37)185561795(02)046544929136(10)75670011338350(02)802456286
(37)33914202806(01)819476511224(10)9129440577(10)84346500227(37)00213089261
(00)713759401(00)95558827(00)976344281
(10)90132960(10)50653081235523(37)70901621283(37)775963979740
(02)7286558(00)36582024383786(02)10970442045(00)7636861(00)6891248
(00)860427982131(00)11544021397238(37)2874743(37)7087354
(00)622404725(02)22614378286(37)14268861463(02)83027886(02)047283344792
(01)1589836934(00)3722200
(02)085074924(02)61181852046628
